#id	name	type	x	y	width	height	ani_set_id
192
0	Gimmick	1	288	191	0	0	1
1	Ground	500	0	0	208	32	
2	Ground	500	176	32	32	32	
3	Ground	500	0	32	16	160	
4	Ground	500	16	128	96	64	
5	Ground	500	112	160	400	32	
6	Ground	500	160	80	192	32	
7	Ground	500	224	0	64	80	
8	Ground	500	304	0	32	64	
9	Ground	500	432	96	80	64	
10	Ground	500	336	0	176	32	
11	Ground	500	496	32	16	64	
12	Ground	500	384	144	16	16	
13	Ground	500	400	128	16	32	
14	Ground	500	416	112	16	48	
15	Ground	500	128	96	16	16	
16	Jar	63	480	80	16	16	1
17	SSB	-20	128	79
18	BCB	-21	128	143	114	382	16
19	BCB	-21	224	143	114	382	0
20	BCB	-21	440	79	432	478	0
21	BCB	-21	32	111	17	110	0
22	OBHS	-22	18
23	OBHS	-22	19
24	OBHS	-22	20
25	OBHS	-22	21
26	Pipe	-10	288	0	16	16	1
27	Pipe	-10	288	16	16	16	1
28	Pipe	-10	288	32	16	16	1
29	Pipe	-10	208	0	16	16	1
30	Pipe	-10	208	16	16	16	1
31	Pipe	-10	208	32	16	16	1
32	portal	-11	208	0	16	16	2	4
33	Jar	63	480	80	16	16