#id	name	type	x	y	width	height	ani_set_id
192
0	Gimmick	1	992	16	0	0	1
1	Ground	500	976	64	32	64	
2	Ground	500	944	128	64	16	
3	Ground	500	1008	0	16	192	
4	Ground	500	640	160	352	32	
5	Ground	500	592	144	16	16	
6	Ground	500	544	144	16	16	
7	Ground	500	496	144	16	16	
8	Ground	500	448	144	16	16	
9	Ground	500	384	160	32	32	
10	Ground	500	320	160	32	32	
11	Ground	500	16	0	224	16	
12	Ground	500	240	0	32	128	
13	Ground	500	144	160	144	32	
14	Ground	500	48	128	64	64	
15	Ground	500	-16	0	32	192	
16	Jar	63	995	48	16	16	3004
17	pipe	-10	976	144	16	16	0
18	pipe	-10	992	144	16	16	2
19	pipe	-10	992	160	32	32	1
20	BBA	19	782	116	16	16	
21	BBA	19	880	116	16	16	
22	Window	-1	768	80	16	16	20
23	Window	-1	864	80	16	16	21
24	GBB	10	80	94	32	32	64	127
25	pipe	-10	992	176	32	32	1
26	JMB	902	944	142	6	32	1	1
27	JMB	901	656	145	6	32	-1
28	JMB	903	586	128	3	32	1	1
29	JMB	903	618	128	3	32	-1	-1
30	JMB	903	538	128	3	32	1	1
31	JMB	903	570	128	3	32	-1	-1
32	JMB	903	490	128	3	32	1	1
33	JMB	903	522	128	3	32	-1	-1
34	JMB	903	442	128	3	32	1	1
35	JMB	903	474	128	3	32	-1	-1
36	JMB	903	378	144	6	32	1	1
37	JMB	903	428	144	6	32	-1	-1
38	JMB	903	314	144	6	32	1	1
39	JMB	903	364	144	6	32	-1	-1
40	SBB	18	389	142	16	16	0	-1
41	SBB	18	341	142	16	16	0	-1
42	JMB	903	620	144	6	32	1	1
43	JMB	901	272	142	3	32	1	1
44	JMB	903	296	144	3	32	-1	-1
45	LVP	904	260	144	3	32	1	0