#id	name	type	x	y	width	height	ani_set_id
0	Gimmick	1	944	100	0	0	1
1	Ground 	500	0	352	974	16
2	Ground	500	208	336	32	16
3	Ground	500	288	320	96	32
4	Ground	500	514	336	32	16
5	Ground	500	640	336	32	16
6	Ground	500	880	288	32	64
7	Ground	500	862	320	18	32
8	Ground	500	944	304	64	32
9	Ground	500	992	240	16	16
10	Ground	500	1008	0	16	384
11	Ground	500	944	176	32	16
12	Ground	500	896	144	16	16
13	Ground	500	832	144	16	16
14	Ground	500	786	144	16	16
15	Ground	500	688	144	32	16
16	Ground	500	608	144	16	16
17	Ground	500	560	96	16	16
18	Ground	500	16	144	32	32
19	Ground	500	48	112	64	64
20	Ground	500	112	144	64	32
21	Ground	500	0	0	176	16
22	Ground	500	0	16	16	368
23	Ground	500	256	272	64	16
24	Ground	500	352	272	64	16
25	Ground	500	416	304	16	16
26	Hill	510	802	320	60	32	1
27	Hill	510	672	336	30	16	0
28	Hill	510	608	336	32	16	1
29	Hill	510	546	336	32	16	0
30	Hill	510	480	336	32	16	1
31	Elevator	520	720	336	64	3	2
32	Elevator	520	400	336	64	3	2
33	Elevator	520	368	256	32	3	2
34	Elevator	520	272	256	32	3	1
35	MStair	530	473	80	32	16
36	MStair	530	369	80	32	16
37	MStair	530	305	80	32	16
38	MStair	530	193	120	32	16
39	Flower Pot	51	67	69	24	43
40	Orange Liquid	61	416	288	16	16
41	SmallBlackBug	0	586	335	16	16	1	-1
# 41	SmallBlackBug	18	512	315	16	16	1	-1
# 42	SmallBlackBug	18	576	336	16	16	1	-1
# 43	SmallBlackBug	18	640	320	16	16	1	-1
# 44	SmallBlackBug	18	704	336	16	16	1	-1
42	JumpingCommandBox	900	384	336	8	16	1	-0.01
43	Pipe	-10	960	336	16	16	0
44	Pipe	-10	976	336	16	16	2
45	Pipe	-10	976	352	16	16	1
46	Pipe	-10	976	368	16	8	1
47	Ground	500	992	336	16	48
48	Portal	-11	976	378	16	16	1	8