#id	name	type	x	y	width	height	ani_set_id
192
0	Gimmick	1	16	16	0	0	1
1	Ground	500	112	48	32	32	
2	Ground	500	144	96	96	16	
3	Ground	500	80	80	160	16	
4	Ground	500	16	112	46	48	
5	Ground	500	32	176	48	16	
6	Ground	500	80	128	16	16	
7	Ground	500	112	160	16	16	
8	Ground	500	160	160	16	16	
9	Ground	500	208	160	16	32	
10	Ground	500	240	0	16	192	
11	Ground	500	192	16	32	48	
12	Ground	500	16	0	208	16	
13	Ground	500	0	0	16	192	
14	pipe	-10	224	0	16	16	1
15	pipe	-10	32	160	16	16	0
16	pipe	-10	16	160	16	16	3
17	pipe	-10	16	176	16	16	1
18	Hill	510	144	48	32	32	0
19	Hill	510	80	48	32	32	1
20	Jar	61	208	144	16	16	3002
21	pipe	-10	224	16	16	16	1
22	pipe	-10	224	32	16	16	1
23	pipe	-10	224	48	16	16	1
24	SBB	18	122	30	16	16	0	-1
25	JMB	902	57	96	6	32	-1	1
26	JMB	902	167	145	6	32	-1	0
27	JMB	901	178	145	6	32	-1
28	JMB	903	152	145	6	32	1	1
29	JMB	901	105	145	6	32	1
30	JMB	903	140	145	6	32	-1	1
31	JMB	901	25	96	6	32	1
32	portal	-11	240	0	16	16	1	8