#id	name	type	x	y	width	height	ani_set_id
192
0	Gimmick	1	224	16	0	0	1
1	Ground	500	16	64	32	32	
2	Ground	500	34	0	48	32	
3	Ground	500	224	32	16	48	
4	Ground	500	208	0	32	32	
5	Ground	500	208	80	32	48	
6	Ground	500	160	128	80	16	
7	Ground	500	144	160	80	32	
8	Ground	500	64	160	64	16	247
9	Ground	500	64	112	32	16	145
10	Ground	500	240	0	16	192	261
11	Ground	500	0	0	16	192	159
12	pipe	-10	208	144	16	16	0
13	pipe	-10	16	0	16	16	1
14	pipe	-10	224	144	16	16	2
15	pipe	-10	224	160	16	16	1
16	Hill	510	160	80	46	48	1
17	pipe	-10	224	176	16	16	1
18	SBB	18	16	32	16	16	0	-1
19	pinkworm	22	64	98	64	95
20	portal	-11	16	0	16	16	1	7
21	JMB	901	128	128	6	32	-1
22	JMB	901	48	144	16	16	1