1	0	0	2048	192							
10	0	0	1024	96							
100	0	0	512	48							
101	512	0	512	48							
102	512	48	512	48	11	12					
103	0	48	512	48	22		
11	1024	0	1024	96							
110	1024	0	512	48	16					
111	1536	0	512	48	10						
112	1536	48	512	48	9	19					
113	1024	48	512	48	13	14	15	16	17	18	
12	1024	96	1024	96							
120	1024	96	512	48							
121	1536	96	512	48	8						
122	1536	144	512	48	7	20	23	24	25	26				
123	1024	144	512	48	20						
13	0	96	1024	96							
130	0	96	512	48	1	2	3	4	5	6	21
131	512	96	512	48							
132	512	144	512	48	20						
133	0	144	512	48	1	2	3	4	5	6	20