#id	name	type	x	y	width	height	ani_set_id
208
0	Gimmick	1	1216	48	0	0	1
1	Ground	500	0	128	208	16	
2	Ground	500	0	112	80	16	
3	Ground	500	0	96	64	16	
4	Ground	500	0	0	16	96	
5	Ground	500	34	0	14	80	
6	Ground	500	240	0	16	96	
7	Ground	500	848	48	32	16	
8	Ground	500	752	96	64	32	
9	Ground	500	672	112	80	16	
10	Ground	500	688	128	192	64	
11	Ground	500	880	144	16	48	
12	Ground	500	896	160	16	32	
13	Ground	500	912	176	480	32	
14	Ground	500	1248	80	96	96	
15	Ground	500	1168	112	224	48	
16	Ground	500	656	160	32	16	
17	WheelGM	53	718	81	16	16	
18	Pipe	-10	1232	160	16	16	2
19	Pipe	-10	1200	160	16	16	0
20	Pipe	-10	1216	160	16	16	0
21	GFS	25	830	45
22	LTP	904	975	48	10	200	1	850
23	LVTP	905	1160	48	10	200	1	1168
24	LVTP	905	990	48	10	200	0	1168
25	Pipe	-10	16	0	16	16	1
26	Pipe	-10	16	16	16	16	1
27	Pipe	-10	16	32	16	16	1
28	Pipe	-10	16	48	16	16	1
29	portal	-11	16	0	16	16	2	5