#id	name	type	x	y	width	height	ani_set_id
176
0	Gimmick	1	16	16	0	0	1
1	Ground	500	0	0	256	16	
2	Ground	500	240	16	16	48	
3	Ground	500	0	16	16	160	
4	Ground	500	32	112	16	64	
5	Ground	500	48	112	64	16	
6	Ground	500	112	144	48	16	
7	Ground	500	240	128	16	48	
8	Ground	500	160	112	176	16	
9	Ground	500	16	80	80	16	
10	Ground	500	800	160	32	16	
11	Ground	500	848	112	32	16	
12	Ground	500	928	144	304	16	
13	Ground	500	1264	144	304	16	
14	Ground	500	1504	128	96	16	
15	Ground	500	1680	112	48	16	
16	Pipe	-10	16	160	16	16	1
17	Pipe	-10	16	144	16	16	1
18	Pipe	-10	16	128	16	16	1
19	Pipe	-10	16	112	16	16	1
20	Pipe	-10	16	96	16	16	3
21	Pipe	-10	32	96	16	16	0	
22	Pipe	-10	48	96	16	16	0	
23	BIgPrize	502	128	116	16	16	
24	BigBird	24	318	66	1	
25	BigBird	24	1676	66	0	16	
26	Jar	61	1706	96	16	16	
27	JAr	63	858	96	16	16	
28	SBB	18	1007	80	16	16	0	-1
29	SBB	18	1037	80	16	16	0	-1
30	SBB	18	1067	80	16	16	0	-1
31	SBB	18	1097	80	16	16	0	-1
32	JMB	901	1232	128	6	32	-1
33	JMB	901	922	128	6	32	1
34	SBB	18	1347	80	16	16	0	-1
35	SBB	18	1377	80	16	16	0	-1
36	SBB	18	1407	80	16	16	0	-1
37	SBB	18	1437	80	16	16	0	-1
38	JMB	901	1257	128	6	32	1
39	JMB	901	1500	128	6	32	-1
40	portal	-11	1728	161	16	16	2	6